177
143
178
217
156
152
156
132
163
176
191
191
163
176
170
218
151
190
152
154
130
218
160
212
156
145
190
169
184
146
159
195
168
190
161
157
147
177
137
181
136
131
171
173
165
227
145
188
194
179
173
142
163
160
214
169
169
163
146
134
152
161
166
189
186
185
148
188
146
158
166
176
159
184
191
179
175
177
115
188
160
167
153
161
166
189
101
199
153
167
161
195
126
138
165
199
179
203
165
141
137
180
191
190
174
165
178
168
122
172
204
186
178
183
149
158
172
191
179
302
149
169
145
137
126
206
156
197
199
188
162
144
126
168
186
186
166
166
170
167
187
183
211
162
177
189
204
174
182
142
192
130
182
169
164
135
158
195
206
141
206
137
169
141
137
211
214
182
170
174
189
129
142
191
131
169
167
135
132
128
170
189
162
186
190
160
205
140
196
124
124
110
151
187
139
205
144
167
127
172
174
158
138
130
154
212
163
150
161
211
134
181
173
156
150
193
161
173
173
149
168
201
193
221
185
188
186
135
181
167
181
182
150
174
196
207
180
193
175
160
152
145
204
185
161
171
147
142
113
168
190
166
198
175
204
170
152
195
141
171
157
179
139
168
197
167
204
156
180
210
170
157
164
134
163
156
195
151
165
168
160
162
161
179
150
190
208
211
123
201
172
167
198
159
177
177
145
148
184
173
