125
148
126
154
143
96
144
167
122
158
115
189
221
106
144
130
121
146
117
138
145
159
187
151
119
140
165
168
144
143
158
132
104
119
134
125
157
134
126
120
125
134
141
137
136
151
134
105
117
122
139
124
137
103
167
111
163
157
137
182
161
120
143
127
174
118
143
126
142
185
134
179
140
112
124
130
165
161
136
136
166
128
75
125
145
100
155
171
155
118
186
145
128
111
144
140
122
149
101
123
145
110
144
108
123
146
151
116
103
122
147
163
119
109
126
142
132
157
138
149
115
153
173
146
115
141
116
118
147
103
137
168
118
128
143
97
115
154
163
136
153
126
168
120
150
176
142
103
116
167
119
132
141
138
197
182
178
121
167
163
121
124
127
207
113
110
149
185
103
162
160
144
142
137
152
172
159
119
112
143
132
124
92
134
110
100
163
194
186
138
131
130
131
109
163
138
108
141
132
148
104
101
92
164
116
126
158
161
146
176
132
127
126
169
162
186
134
158
152
106
113
149
164
133
176
134
113
130
151
161
163
125
123
130
184
159
148
144
133
102
127
125
95
148
155
117
172
146
132
104
160
145
112
172
121
139
134
158
161
172
131
122
100
158
147
131
145
145
146
150
145
166
128
157
183
153
200
117
125
131
162
134
107
107
117
82
143
158
140
117
138
152
148
181
129
138
131
132
177
168
