10
10
12
8
6
16
4
10
6
8
10
8
18
10
10
10
16
4
4
12
2
4
8
6
4
6
8
4
4
18
6
6
4
4
10
10
10
12
8
10
0
6
14
8
4
0
12
8
12
10
6
6
10
12
14
6
6
8
8
4
4
8
8
10
2
10
8
6
8
8
6
6
2
12
2
6
12
4
2
4
4
4
6
8
10
10
2
2
4
8
14
6
6
8
10
6
10
4
6
12
2
2
8
4
4
16
2
6
6
8
4
6
6
8
14
4
6
8
4
8
6
6
6
6
16
10
10
6
6
2
8
8
16
6
6
8
2
8
6
6
8
6
8
18
12
12
2
8
6
4
8
0
14
8
6
4
6
2
4
2
0
2
4
12
2
16
10
8
4
4
10
6
10
2
10
14
6
14
12
8
8
10
8
14
8
8
2
6
6
6
8
16
6
8
6
6
10
4
8
6
6
6
8
4
12
4
6
6
8
4
8
6
2
6
4
4
4
6
14
8
18
12
4
6
6
4
8
14
12
6
6
2
6
6
14
4
16
2
2
10
6
4
2
8
4
4
6
6
4
0
8
12
16
4
2
4
4
0
6
16
6
12
8
6
4
12
4
4
2
6
8
4
8
14
10
2
6
16
8
6
6
10
18
6
4
0
6
10
16
8
16
4
8
10
8
2
6
8
6
10
