261
231
224
245
178
186
256
194
225
237
234
208
208
241
213
200
211
212
234
207
220
234
246
219
193
195
239
197
240
252
233
241
201
197
258
243
210
200
225
262
236
237
203
215
219
289
244
266
224
256
237
214
201
233
274
212
243
232
252
199
245
225
226
226
209
204
189
216
206
209
271
219
225
246
255
255
167
241
206
214
215
255
276
225
239
183
273
181
224
236
224
227
202
206
230
237
224
261
235
205
172
262
244
251
267
211
241
195
247
205
295
245
225
200
255
238
215
274
257
259
217
173
181
195
245
245
253
183
248
230
218
261
239
211
185
251
241
191
190
288
225
250
159
203
227
208
257
217
182
239
196
273
303
213
146
250
174
240
273
239
194
223
222
259
213
170
226
183
243
239
223
160
161
268
245
246
244
232
205
266
254
196
208
151
227
239
242
196
217
223
229
244
216
198
192
221
236
266
217
261
257
274
184
204
227
246
197
188
227
252
224
183
203
231
199
168
208
220
212
197
307
263
251
240
203
199
211
207
282
243
223
258
192
250
242
271
247
194
225
191
210
244
234
194
208
239
183
227
238
212
237
213
220
230
251
243
199
221
212
174
220
199
218
205
192
202
217
276
244
240
199
244
254
225
242
260
206
203
214
174
232
197
187
246
200
225
252
240
219
188
206
216
227
268
212
194
153
162
218
203
