151
163
162
131
141
137
110
95
138
100
129
109
137
114
107
114
110
150
125
91
147
105
115
72
124
125
90
117
133
161
152
98
121
90
130
137
121
100
92
96
139
100
106
75
104
117
114
115
111
137
129
145
111
153
94
133
106
118
143
140
184
151
83
85
131
134
118
139
105
99
91
149
100
124
96
111
129
104
134
123
111
117
83
131
140
89
91
171
135
130
91
128
122
99
113
144
128
163
119
114
131
120
98
108
120
155
101
128
129
118
158
117
145
157
132
103
136
93
129
85
126
124
81
115
151
142
114
105
84
85
119
80
95
106
94
118
130
93
119
97
105
92
107
93
131
113
132
82
83
150
129
159
74
100
108
128
136
123
129
133
93
144
135
103
90
141
117
120
147
128
129
108
98
124
128
130
154
90
176
131
93
129
100
140
123
96
112
121
142
106
109
112
111
132
136
110
107
159
63
158
143
109
113
98
115
99
113
106
117
113
126
95
132
112
154
145
100
100
144
111
86
118
120
132
143
122
120
92
129
109
144
118
136
131
71
128
100
173
97
118
100
108
119
103
108
158
86
115
143
129
127
107
119
95
115
111
80
112
101
118
122
125
117
116
143
106
142
93
103
112
103
96
181
100
148
122
141
117
130
73
148
133
96
94
99
111
112
94
112
142
89
105
100
115
123
118
132
156
128
101
