218
277
224
250
199
261
221
193
218
311
286
369
211
197
233
194
290
219
238
202
243
170
272
224
249
203
311
252
253
301
317
223
258
292
287
254
258
225
233
216
233
259
231
270
271
248
222
225
276
188
235
234
230
211
264
240
259
208
239
311
201
296
262
278
246
217
272
238
232
268
271
250
278
303
287
265
281
247
208
279
230
239
273
228
233
246
229
286
217
258
195
228
276
258
206
212
259
231
298
251
192
298
270
240
261
320
260
245
302
272
283
230
199
271
227
208
265
239
218
250
266
280
248
308
298
264
246
244
223
188
291
194
290
242
231
197
232
265
278
212
247
285
221
255
242
264
266
259
228
280
215
242
218
279
262
225
222
250
279
267
305
250
283
261
259
224
267
220
314
197
222
271
239
251
272
238
243
234
248
257
207
187
218
235
293
294
258
254
255
233
195
285
259
248
209
227
280
206
209
242
203
295
200
224
252
295
259
242
260
272
230
252
302
226
223
280
285
320
211
206
268
243
290
293
301
315
292
244
256
223
278
288
237
221
273
269
288
293
248
249
250
263
249
249
329
238
234
249
238
295
267
318
219
285
266
248
282
257
255
274
237
214
228
173
249
285
310
236
321
261
265
281
251
269
254
196
332
307
253
219
284
218
238
254
225
243
280
243
230
233
221
292
285
255
303
270
213
265
226
316
