148
201
183
237
199
201
205
174
136
208
181
183
194
173
198
197
160
187
223
164
192
207
169
233
168
162
162
150
133
143
220
137
174
205
154
217
210
185
232
210
187
185
218
168
179
142
151
136
188
167
174
195
211
203
191
197
210
212
197
190
157
199
208
245
189
207
185
202
180
194
153
135
179
225
199
230
241
209
193
175
229
211
145
216
222
206
185
187
172
208
172
188
217
153
237
202
158
193
242
171
198
229
161
140
178
177
208
194
177
219
162
125
198
169
243
191
137
211
183
174
174
196
201
201
259
162
154
158
181
140
135
145
188
141
179
239
228
264
150
208
208
184
175
157
199
183
186
194
164
149
199
183
227
176
167
141
213
162
215
206
177
124
187
134
223
139
164
238
168
168
195
199
185
164
192
177
162
184
175
205
159
203
176
188
203
233
186
185
147
237
191
194
178
175
199
216
195
192
156
157
177
171
195
166
191
180
141
162
189
206
155
137
208
141
227
218
180
215
233
187
228
192
166
213
150
159
203
134
179
172
182
161
140
176
196
197
179
160
157
188
165
221
155
234
210
182
168
185
165
206
190
156
241
171
198
192
192
176
154
174
191
157
178
207
156
173
182
158
250
173
161
203
167
200
180
178
196
216
205
199
152
159
188
197
218
198
188
188
177
255
171
233
228
179
202
189
155
176
158
184
