4
2
6
6
4
0
10
10
2
6
8
2
2
4
14
2
2
4
6
2
10
12
8
4
6
6
4
2
6
4
10
2
0
2
8
4
6
4
2
4
6
4
8
16
4
2
2
6
10
8
4
4
6
6
0
2
4
6
6
2
6
2
2
4
2
6
6
8
6
6
4
4
4
4
0
12
2
4
2
8
4
2
10
4
4
6
6
6
4
4
4
6
6
4
12
8
4
2
4
4
6
8
0
6
14
2
4
2
4
8
6
4
2
0
6
6
6
4
6
4
2
4
6
4
6
4
4
4
4
2
10
8
4
4
6
8
4
2
6
8
4
6
6
4
6
0
6
2
6
4
6
6
2
4
2
4
2
4
6
2
6
6
6
2
4
2
4
0
6
0
6
4
4
8
2
4
2
0
8
2
2
4
0
6
4
2
4
2
8
2
4
6
10
2
10
8
2
4
4
4
4
6
2
6
6
4
4
6
2
6
10
4
2
0
6
2
8
8
6
8
12
6
0
0
2
2
6
4
4
12
2
6
6
10
4
14
4
8
0
2
2
12
4
14
2
6
2
6
6
14
8
6
0
2
6
4
0
4
8
16
8
4
4
6
6
6
6
4
6
6
4
8
12
2
8
2
10
6
8
14
10
6
0
0
2
6
6
12
6
10
2
4
4
2
0
12
2
0
2
2
