10
10
12
8
6
12
4
6
6
6
16
8
18
8
8
10
14
10
6
12
2
2
8
8
4
8
10
4
2
12
8
4
4
4
10
8
10
12
8
10
2
4
14
8
4
0
12
8
12
10
0
4
8
8
14
2
2
10
6
4
6
8
8
10
6
0
8
6
8
8
4
2
0
10
6
2
12
6
4
2
4
10
6
8
10
10
0
2
2
4
0
10
6
8
14
4
12
8
18
14
2
2
8
8
6
8
4
2
14
8
2
6
6
8
14
4
8
8
4
8
4
6
6
4
16
6
6
4
4
2
2
8
16
6
8
16
4
8
6
6
8
6
8
18
12
12
2
8
6
4
8
2
14
6
10
4
6
2
4
2
0
6
4
14
2
16
10
8
2
4
10
4
6
2
10
10
10
14
12
8
8
10
8
14
6
8
2
6
14
6
8
6
6
6
8
4
12
6
2
6
8
6
10
4
12
4
14
4
8
4
20
2
2
4
4
6
4
6
14
8
18
8
6
6
16
4
8
10
8
4
8
14
6
6
2
4
8
4
2
8
8
2
6
10
0
8
8
6
2
2
8
8
16
4
2
4
6
0
6
8
6
10
10
6
0
10
4
4
2
14
8
4
10
6
10
6
8
16
8
4
6
10
18
6
0
2
6
8
12
8
10
2
10
6
10
0
4
4
4
10
