94
86
96
115
85
84
88
72
92
98
100
102
89
94
94
116
78
103
80
81
73
117
86
111
91
80
103
92
99
81
85
109
90
101
86
84
80
93
80
101
75
76
90
95
93
123
81
102
105
95
93
77
89
87
111
89
90
85
85
74
85
89
99
101
102
98
85
101
88
83
89
98
87
101
101
96
96
100
68
110
88
93
83
92
94
98
59
106
92
92
88
106
71
74
86
107
103
109
93
79
76
97
104
102
91
89
95
93
66
98
111
101
95
101
86
89
98
104
103
155
76
95
83
78
70
115
88
115
104
99
91
79
69
89
97
100
91
89
95
97
104
100
115
91
96
101
110
95
102
83
107
73
99
95
89
70
85
108
110
87
111
78
90
83
73
113
118
102
95
94
106
73
75
106
71
90
95
77
74
69
89
105
91
100
106
86
109
82
112
72
73
61
84
102
81
114
82
93
69
99
99
88
74
74
85
113
90
81
86
118
72
92
95
89
79
107
90
98
91
89
89
108
109
122
99
104
101
80
97
93
99
98
81
94
110
111
95
102
98
89
80
83
109
101
87
97
85
79
62
93
102
92
112
100
112
97
91
106
82
90
84
99
77
91
102
89
112
84
93
115
90
84
91
75
90
89
106
86
87
92
92
95
94
98
83
102
112
119
67
111
94
88
108
86
94
102
80
83
99
96
