78
82
83
68
71
71
57
52
70
53
68
57
70
65
60
60
58
82
69
43
77
61
61
43
63
67
47
62
74
84
81
53
64
46
68
74
68
51
49
53
70
55
56
41
55
62
59
62
59
69
71
76
64
78
49
70
52
61
75
74
97
80
45
41
68
69
61
72
54
53
52
80
54
68
50
61
68
54
70
64
59
60
43
71
73
47
46
91
70
66
47
67
65
53
59
80
65
87
58
59
70
61
50
58
63
83
52
68
66
61
80
65
75
81
67
54
75
47
67
44
68
67
42
61
81
75
55
53
45
45
62
44
51
55
52
63
70
52
63
52
61
48
55
52
73
61
70
41
44
80
65
84
43
53
60
67
72
63
69
68
50
77
70
55
49
74
61
60
74
68
68
55
51
66
64
69
86
46
93
70
51
74
53
72
64
47
59
61
77
58
60
60
59
73
70
60
57
92
32
82
75
56
59
54
59
53
57
57
64
62
69
50
68
56
78
74
51
51
74
54
44
62
64
70
79
68
65
47
72
58
77
62
71
67
34
68
53
92
55
64
52
55
68
55
56
81
45
61
73
68
64
60
63
49
65
58
43
60
56
61
69
70
59
61
79
54
76
47
55
61
51
51
95
54
78
64
76
65
67
42
77
70
49
49
51
58
56
52
58
72
45
56
52
62
66
65
72
79
68
54
