152
137
132
147
108
106
147
116
132
144
148
120
116
144
127
114
124
124
136
129
129
132
151
127
113
118
146
116
147
146
135
132
122
117
148
150
129
118
130
143
138
138
128
126
130
165
143
152
130
147
138
128
115
126
162
127
140
140
150
120
142
131
128
127
125
118
114
135
123
124
155
130
128
139
147
150
101
137
129
125
123
146
156
129
135
112
161
112
128
140
137
138
124
119
141
134
123
156
138
121
111
148
139
147
157
126
141
115
138
118
173
132
125
122
147
141
121
163
149
148
127
104
110
115
139
136
143
115
146
138
125
150
131
117
106
146
152
115
122
168
128
140
93
126
134
120
144
126
105
136
119
161
175
129
84
147
115
143
168
142
114
130
127
149
129
112
137
110
143
148
125
96
95
155
143
141
142
148
118
158
144
124
129
90
130
144
137
114
128
132
135
142
127
121
118
137
139
150
131
146
150
157
112
127
136
149
114
111
132
143
130
112
113
132
113
101
123
125
124
118
170
152
148
139
120
115
132
122
164
139
135
153
111
150
141
160
144
112
127
110
124
145
137
111
117
136
113
133
146
125
135
128
129
139
145
133
115
130
126
107
129
123
120
120
120
117
131
156
138
138
116
144
143
132
139
147
125
119
128
99
142
117
110
130
122
127
148
136
131
117
126
131
130
154
123
117
95
98
124
121
