86
117
105
129
113
118
116
104
82
119
105
102
113
101
119
111
94
110
124
97
109
116
99
128
96
91
87
92
77
86
120
82
96
119
90
120
115
107
126
118
110
103
122
99
103
82
92
82
105
96
100
111
129
113
113
112
116
116
114
111
95
119
118
138
107
118
104
114
102
111
88
77
108
132
110
125
134
120
110
103
125
117
86
126
126
116
107
103
99
118
100
103
122
88
133
114
86
108
139
95
115
133
91
83
103
99
117
112
100
123
99
73
116
100
133
110
84
117
98
100
102
110
112
115
140
92
94
97
103
89
79
89
104
80
103
128
131
148
92
114
117
105
105
88
119
102
100
115
93
87
109
104
136
109
96
87
116
92
122
113
103
67
109
78
122
80
99
137
92
97
110
114
103
89
114
98
98
111
104
112
92
118
95
104
111
130
106
106
86
135
109
115
104
99
111
128
114
113
89
92
106
101
111
92
112
106
82
99
103
114
84
77
115
81
127
121
102
123
133
106
133
110
95
122
90
90
115
80
101
105
103
90
83
99
111
112
100
91
89
101
93
126
91
126
119
106
94
102
92
113
102
90
136
98
111
111
110
102
87
98
110
94
106
111
93
102
103
94
142
96
90
118
93
113
106
101
112
124
115
114
88
91
110
115
120
110
107
107
101
140
100
131
130
103
112
102
90
108
99
103
