68
79
69
83
82
56
83
89
69
83
69
102
120
56
76
68
63
81
61
74
81
86
103
81
65
77
88
90
76
77
81
75
59
66
73
69
87
75
69
70
70
71
78
74
78
87
75
55
63
64
76
67
75
59
92
63
85
82
72
96
89
65
79
66
94
64
76
70
81
100
76
92
78
59
66
69
88
84
77
75
87
66
41
66
77
53
85
98
84
66
96
82
69
61
84
77
66
82
58
70
79
58
81
61
66
82
83
61
56
65
82
89
67
55
69
75
75
89
76
78
66
80
95
80
61
77
65
62
75
60
70
99
63
71
75
54
64
83
93
72
82
67
87
66
80
94
82
58
61
86
63
73
76
78
102
106
95
71
89
86
67
66
71
114
59
62
79
107
58
87
90
80
79
74
84
92
85
65
59
79
74
66
47
75
60
58
80
103
101
81
75
77
67
60
86
73
57
71
74
80
65
57
50
90
64
65
90
86
88
101
71
75
69
87
91
99
69
86
81
59
63
80
91
70
98
72
63
68
82
83
89
67
66
67
98
85
83
79
76
55
69
72
51
81
85
68
94
79
70
55
88
78
57
89
66
73
71
87
87
93
73
73
52
85
79
77
77
76
85
84
78
87
68
84
100
82
105
63
71
72
90
72
58
68
64
45
83
84
79
64
76
79
80
95
69
80
71
71
96
92
