142
167
139
153
126
150
145
119
133
174
178
220
136
130
148
132
176
137
144
134
151
108
163
131
152
126
176
158
154
177
186
132
156
173
176
157
161
144
141
127
143
161
139
162
158
147
142
138
165
118
142
145
142
133
159
144
162
132
149
179
129
184
164
164
141
134
156
158
149
164
171
157
162
180
173
163
167
153
128
165
139
142
166
136
144
154
139
175
130
168
124
145
166
156
136
133
158
142
175
147
125
169
161
147
160
188
153
149
175
164
180
142
126
168
142
134
159
143
137
147
156
173
146
185
183
155
153
147
136
125
168
119
173
150
146
130
141
157
179
136
148
171
140
155
147
158
159
157
141
171
135
152
133
162
153
138
140
150
164
157
183
155
167
162
153
136
158
135
188
126
141
159
149
152
169
146
151
143
155
150
128
123
138
143
174
174
158
155
156
150
124
171
163
146
124
142
175
138
128
145
126
181
130
136
156
177
159
143
152
160
141
162
184
136
140
165
169
189
132
130
156
149
174
174
180
190
173
149
157
135
162
177
146
130
167
164
169
175
156
144
159
162
155
154
192
151
148
155
144
167
163
181
132
163
162
152
171
158
148
167
146
133
141
114
152
169
188
150
193
154
157
170
152
157
153
125
191
189
156
135
166
134
148
158
143
142
171
145
140
143
143
178
170
158
180
166
130
159
144
182
